1688022270.650460958 -0.996470498944 0.0839223475135 0.00189323068839 656023.915228 -0.0838784187983 -0.99633159234 0.0169637544302 2974569.75301 0.00330992364085 0.0167450796444 0.999854312744 58.0894393921 0.0 0.0 0.0 1.0 0.0411697111158 13.4647402913
1688022270.750405073 -0.997050126209 0.0767509157545 0.000585454138604 656022.899895 -0.076735550881 -0.996955856473 0.0138085290516 2974569.6688 0.00164348918211 0.0137228704879 0.999904486323 58.0955505371 0.0 0.0 0.0 1.0 0.0505374263056 13.6248809465
1688022270.850322962 -0.997835871506 0.065737433767 -0.00147082895245 656021.47726 -0.065750889176 -0.997754298206 0.0127742312171 2974569.56437 -0.000627780730679 0.0128432944508 0.999917324422 58.1018218994 0.0 0.0 0.0 1.0 0.0403978909215 13.7499517203
1688022270.950253010 -0.998466805098 0.0553284843101 -0.00167270466502 656020.085606 -0.0553468693077 -0.998363436988 0.0143934618231 2974569.47877 -0.000873598751789 0.0144639728073 0.999895009646 58.1030769348 0.0 0.0 0.0 1.0 -0.0076653835248 13.7431307641
1688022271.050204992 -0.998881975889 0.0472716658782 0.000433416695134 656018.72436 -0.0472575101859 -0.998738493741 0.0169749477308 2974569.41055 0.00123530399469 0.0169354871361 0.999855821256 58.0997505188 0.0 0.0 0.0 1.0 -0.044952706157 13.6553876984
1688022271.150192976 -0.999108351031 0.0421458681381 0.00249573636031 656017.393134 -0.0420888017799 -0.998920254003 0.0196687291685 2974569.35524 0.00332199726495 0.0195461490135 0.999803436878 58.0991783142 0.0 0.0 0.0 1.0 -0.0106926852985 13.4799198721
1688022271.250230074 -0.99920337302 0.0396134085988 0.00483706578077 656016.093364 -0.0394920217694 -0.99895432502 0.0230355538252 2974569.30659 0.00574452458809 0.0228261775744 0.999722944647 58.0766563416 0.0 0.0 0.0 1.0 -0.0168890471693 13.274454754
1688022271.350292921 -0.999210023225 0.0395807300976 0.00356304530523 656014.821373 -0.0394758210557 -0.998886660657 0.0258282541517 2974569.25991 0.00458137958318 0.0256671962919 0.999660045213 58.0410690308 0.0 0.0 0.0 1.0 0.0651485463397 13.0450843093
1688022271.450352907 -0.999105633708 0.0422602520249 -0.0014155533945 656013.578897 -0.0422829321501 -0.998754141853 0.0265012788559 2974569.21194 -0.000293839092342 0.0265374307535 0.999647777183 58.0152053833 0.0 0.0 0.0 1.0 0.11396355898 12.8137267357
1688022271.550393105 -0.99886990989 0.0474554463152 -0.00262368677581 656012.361235 -0.0475099454881 -0.998487650554 0.0276625517606 2974569.15835 -0.00130698010455 0.0277559418002 0.999613875203 58.0224456787 0.0 0.0 0.0 1.0 0.0360460445078 12.592567205
1688022271.650428057 -0.99853460545 0.0541127562232 -0.000671813143576 656011.164479 -0.0541099036589 -0.998128104413 0.028502728069 2974569.09604 0.000871805596176 0.0284973120711 0.999593488954 58.0201721191 0.0 0.0 0.0 1.0 -0.0348071561466 12.3703589901
1688022271.750471115 -0.998123233792 0.0611932381133 0.00232331087899 656009.98764 -0.0611039446293 -0.997734869046 0.0281325263746 2974569.02415 0.00403956866077 0.0279377647404 0.999601502193 58.0165519714 0.0 0.0 0.0 1.0 -0.0429648713659 12.1572393198
1688022271.850513935 -0.997678062897 0.0680479522608 0.00282117109868 656008.828487 -0.0679451236102 -0.997310216656 0.0274916702076 2974568.94331 0.00468433462151 0.0272361514596 0.999618051589 58.0180473328 0.0 0.0 0.0 1.0 -0.000429585704738 11.9668772608
1688022271.950540066 -0.997208049947 0.0746689912543 0.000804279173335 656007.686405 -0.0746223838444 -0.996867757869 0.0261949069422 2974568.85554 0.0027577072536 0.0260617548412 0.999656531007 58.0261077881 0.0 0.0 0.0 1.0 0.0694152877279 11.7979331568
1688022272.050549030 -0.996738871485 0.0806816856886 -0.00144487543051 656006.558683 -0.0806932327667 -0.996456839116 0.0237143409151 2974568.76165 0.00047355699562 0.0237535970712 0.999717731347 58.0340309143 0.0 0.0 0.0 1.0 0.0665516896576 11.6635648234
1688022272.150526047 -0.996371729932 0.0850368737663 -0.00347935234997 656005.441746 -0.0850929697888 -0.996131565852 0.0219337640742 2974568.66211 -0.00160071397773 0.0221502508789 0.999753371638 58.0386581421 0.0 0.0 0.0 1.0 0.0303816889598 11.5459068189
1688022272.250484943 -0.996135758562 0.0877790868725 -0.00289524112163 656004.334824 -0.0878195813741 -0.995935550242 0.0200025221089 2974568.5596 -0.00112767043369 0.0201794863974 0.999795737482 58.0393943787 0.0 0.0 0.0 1.0 -0.0611816260938 11.4244196854
1688022272.350438118 -0.996021062357 0.0891180255454 0.000144441396996 656003.236859 -0.089098570181 -0.995834971883 0.0193430495583 2974568.45651 0.00186765417918 0.0192532152483 0.999812895281 58.0354652405 0.0 0.0 0.0 1.0 -0.111410431693 11.316367249
1688022272.450395107 -0.995987316668 0.0894641185374 0.00233163681447 656002.144207 -0.089402182684 -0.995805261708 0.019471273369 2974568.35476 0.004063836517 0.0191846878945 0.999807698002 58.0340385437 0.0 0.0 0.0 1.0 -0.0767389127313 11.2421171678
1688022272.550376892 -0.996031156668 0.0889652550739 0.00266802111887 656001.055175 -0.0888962494916 -0.995847376179 0.0196331399326 2974568.2549 0.00440360913282 0.0193180420051 0.999803691471 58.033454895 0.0 0.0 0.0 1.0 -0.0339549405845 11.1878776528
1688022272.650382996 -0.996144236352 0.0877162656903 0.00158654188686 655999.969393 -0.0876695433024 -0.995962676498 0.0192976215952 2974568.15714 0.00327285180705 0.0190841231247 0.999812524769 58.0366706848 0.0 0.0 0.0 1.0 -0.00475929981576 11.1415612963
1688022272.750380993 -0.996264042232 0.0863546486255 0.000912587524523 655998.886628 -0.0863194437005 -0.996068380555 0.0199182051668 2974568.06193 0.0026290291861 0.019765017546 0.999801196382 58.0392036438 0.0 0.0 0.0 1.0 -0.020140638912 11.1115558988
1688022272.850382090 -0.996387847677 0.0849094837185 0.00127928766245 655997.805611 -0.0848682215552 -0.996199141685 0.0196126254465 2974567.96905 0.00293972317233 0.0194332107872 0.999806835517 58.0387649536 0.0 0.0 0.0 1.0 -0.0488302721357 11.089257821
1688022272.950360060 -0.996511596526 0.0834159913649 0.00253187160087 655996.724684 -0.083347133012 -0.996310309145 0.0204700588784 2974567.87782 0.00423006003201 0.0201876268148 0.999787260529 58.0354690552 0.0 0.0 0.0 1.0 -0.0727627002218 11.0908303891
1688022273.050337076 -0.996629104475 0.0819645940299 0.00349763339187 655995.641246 -0.0818729077484 -0.996417823639 0.0211742227986 2974567.78831 0.0052206408278 0.0208164852896 0.999769682902 58.0316810608 0.0 0.0 0.0 1.0 -0.0971197316838 11.0959332973
1688022273.150301933 -0.996750300908 0.0804123308388 0.00476389419688 655994.555651 -0.080297335748 -0.996554752165 0.020759667849 2974567.70001 0.00641681467989 0.0203096771635 0.99977314502 58.0282287598 0.0 0.0 0.0 1.0 -0.0972310016802 11.121298375
1688022273.250272036 -0.996829530748 0.0793134466957 0.00634537650233 655993.4617 -0.0791565961484 -0.996619159788 0.0220109888609 2974567.61266 0.00806969119002 0.0214389252923 0.999737591854 58.0303230286 0.0 0.0 0.0 1.0 -0.0743819767004 11.1714516454
1688022273.350260019 -0.996901406243 0.0785033905508 0.00498035163594 655992.083009 -0.0783718678465 -0.996667203442 0.0226348384937 2974567.49675 0.00674066470347 0.0221743828642 0.999731394017 58.0408096313 0.0 0.0 0.0 1.0 -0.0547756292628 11.8579206701
1688022273.450258017 -0.996900369266 0.0785797912609 0.00385618494437 655990.344608 -0.0784667289942 -0.996633041761 0.0237813479554 2974567.3445 0.00571193468894 0.0234050523394 0.99970974654 58.0516738892 0.0 0.0 0.0 1.0 -0.0279989630157 13.2041985333
1688022273.550273895 -0.996820078605 0.0794722736037 0.00582139319516 655988.34846 -0.0793098658696 -0.996556083822 0.0242057218921 2974567.16741 0.00772502855794 0.0236670556857 0.99969004917 58.0504379272 0.0 0.0 0.0 1.0 0.0 14.8337524897
1688022273.650290012 -0.996731746795 0.0803829432036 0.00802542038236 655986.181548 -0.0801685977371 -0.996488002574 0.0241796745902 2974566.97395 0.00994086853589 0.0234572625929 0.999675415305 58.0476341248 0.0 0.0 0.0 1.0 0.0 16.4933714675
1688022273.750296116 -0.996680769412 0.0811721742282 0.00620661057347 655983.911151 -0.0810033039745 -0.996429029712 0.0238254799162 2974566.7708 0.00811841295835 0.0232436416916 0.999696866301 58.0519828796 0.0 0.0 0.0 1.0 0.0 18.0265857075
1688022273.850301027 -0.996644307132 0.0817953408733 0.00310600600286 655981.587144 -0.0817031152286 -0.996392294592 0.0229563986727 2974566.562 0.00497252690287 0.0226255936831 0.999731642235 58.0592956543 0.0 0.0 0.0 1.0 0.0 19.3619188071
1688022273.950289965 -0.996582533632 0.0825598329138 0.00266976564847 655979.244268 -0.082477655688 -0.996330324824 0.022876191735 2974566.35016 0.00454862304309 0.0225778171072 0.99973474092 58.0610275269 0.0 0.0 0.0 1.0 0.0 20.4625846334
1688022274.050277948 -0.99651846378 0.0832420071059 0.00466042898232 655976.904725 -0.0831139641357 -0.996274219064 0.0230162854154 2974566.13734 0.00655898703896 0.0225488066567 0.999724227478 58.0570678711 0.0 0.0 0.0 1.0 0.0 21.3309157065
1688022274.150243044 -0.996449264925 0.0840031383605 0.00568640272851 655974.582279 -0.0838565339993 -0.996226167834 0.022394290074 2974565.92557 0.00754613384656 0.021837931859 0.999733044665 58.0544700623 0.0 0.0 0.0 1.0 0.0 21.9914467867
1688022274.250211954 -0.996453105623 0.0839383736319 0.00596302990016 655972.283573 -0.0837886697999 -0.996240227569 0.0220197136056 2974565.71554 0.00778890921263 0.021441977664 0.999739753379 58.0586013794 0.0 0.0 0.0 1.0 0.0 22.4660396763
1688022274.350198984 -0.996497985233 0.0833050171768 0.00721384356779 655970.010018 -0.0831366582915 -0.99631406096 0.0211326283683 2974565.51059 0.00894770774937 0.0204588867441 0.999750655153 58.0665664673 0.0 0.0 0.0 1.0 0.0 22.7905327528
1688022274.450206995 -0.99658159002 0.0822641528926 0.00759891980782 655967.762088 -0.0820890789054 -0.996403123303 0.0210285281681 2974565.31055 0.00930148148656 0.0203328557099 0.99974999746 58.0763626099 0.0 0.0 0.0 1.0 0.0 22.9860970359
1688022274.550229073 -0.99671334536 0.0808740204968 0.00467974252322 655965.53922 -0.0807579012969 -0.996508459641 0.0211908291762 2974565.11446 0.00637719056647 0.0207432560543 0.999764496653 58.0858802795 0.0 0.0 0.0 1.0 0.0 23.0645376743
1688022274.650269032 -0.996838036898 0.0794483017885 0.0013767847176 655963.33939 -0.0793985920402 -0.996597584212 0.0221160286768 2974564.92121 0.00312918124421 0.021936783842 0.999754462725 58.094871521 0.0 0.0 0.0 1.0 0.0 23.0794628244
1688022274.750310898 -0.996944894833 0.0781080890687 5.55720687707e-05 655961.158379 -0.0780880629764 -0.996704902154 0.0219452145625 2974564.73036 0.00176948772705 0.0218738301089 0.999759173236 58.0978431702 0.0 0.0 0.0 1.0 0.0 23.0421817642
1688022274.850342989 -0.997051964086 0.0767283567507 0.000374409049607 655958.991307 -0.0767019759659 -0.996815566717 0.0218067153306 2974564.54157 0.00204641020242 0.0217137104367 0.999762135202 58.0947494507 0.0 0.0 0.0 1.0 0.0 22.9819786484
1688022274.950371027 -0.99717142824 0.0751365849283 0.00190691020742 655956.83306 -0.0750782059213 -0.996944217327 0.0215752296572 2974564.3539 0.00352217217973 0.0213710351746 0.999765409063 58.0877380371 0.0 0.0 0.0 1.0 0.0 22.9233786695
1688022275.050388098 -0.997287838072 0.0735476836168 0.00277601661526 655954.678859 -0.0734752574767 -0.997083919701 0.0206165858391 2974564.16818 0.00428422366045 0.0203567017844 0.999783601646 58.083480835 0.0 0.0 0.0 1.0 0.0 22.8726142027
1688022275.150386095 -0.997388410311 0.0721509460555 0.00325575806483 655952.525499 -0.0720714838181 -0.997196927449 0.0200994802586 2974563.98442 0.00469682845464 0.0198123413485 0.999792683976 58.0819778442 0.0 0.0 0.0 1.0 0.0 22.8344693943
1688022275.250370026 -0.997469911299 0.0709841334191 0.00387670689037 655950.369488 -0.0708915115224 -0.997277337013 0.0203053360876 2974563.80221 0.00530750860998 0.019979136175 0.999786309403 58.0867042542 0.0 0.0 0.0 1.0 0.0 22.8081539895
1688022275.350348949 -0.997492967844 0.0706940703571 0.00318237629868 655948.205213 -0.0706118267486 -0.997281216193 0.0210747657496 2974563.62123 0.00466358507819 0.0207972172303 0.999772837563 58.0974960327 0.0 0.0 0.0 1.0 0.0 22.8041450464
1688022275.450351000 -0.997472504035 0.0709969535046 0.00283483474043 655946.032264 -0.0709256363182 -0.997277065862 0.020199208378 2974563.44044 0.00426119793018 0.0199470925025 0.999791956205 58.1076622009 0.0 0.0 0.0 1.0 0.0 22.816630339
1688022275.550353050 -0.997457599369 0.0711679009696 0.00366978657998 655943.85334 -0.0710792207873 -0.99726334434 0.0203363322311 2974563.25815 0.00510703771608 0.0200237835566 0.999786460329 58.1068878174 0.0 0.0 0.0 1.0 0.0 22.8443169171
1688022275.650355101 -0.997428160811 0.0714616573236 0.00550413960416 655941.669187 -0.0713378909968 -0.997249493514 0.0201085303886 2974563.07521 0.00692598934039 0.019664160771 0.999782652106 58.104927063 0.0 0.0 0.0 1.0 0.0 22.8757398015
1688022275.750358105 -0.997379634783 0.0719064124123 0.00795813887855 655939.479149 -0.0717326227186 -0.997217058658 0.020311788692 2974562.89167 0.00939653969937 0.0196877062137 0.999762021316 58.1024627686 0.0 0.0 0.0 1.0 0.0 22.9166580769
1688022275.850359917 -0.997336148224 0.0723910979404 0.00895189279596 655937.282389 -0.0721974991731 -0.997183110316 0.0203313947954 2974562.70764 0.0103984882934 0.0196309307005 0.99975321855 58.1053466797 0.0 0.0 0.0 1.0 0.0 22.9656681273
1688022275.950361013 -0.997298647325 0.0728572207931 0.00933988338607 655935.078968 -0.0726558704963 -0.997149685413 0.0203378800174 2974562.52256 0.0107950231951 0.019604342873 0.999749537242 58.1112213135 0.0 0.0 0.0 1.0 0.0 23.0141683782
1688022276.050371885 -0.997263283613 0.0732530445461 0.00999673059817 655932.868917 -0.073042681872 -0.997128327283 0.0199966386052 2974562.33637 0.0114328379182 0.0192117254638 0.999750068678 58.1182136536 0.0 0.0 0.0 1.0 0.0 23.0588865514
1688022276.150355101 -0.997236294924 0.0735999613483 0.0101399100794 655930.653548 -0.0733810996464 -0.997093502481 0.0204880825179 2974562.14912 0.0116183605373 0.0196873817483 0.999738676204 58.1265525818 0.0 0.0 0.0 1.0 0.0 23.0916790928
1688022276.250320911 -0.997222254478 0.074022211753 0.00827570791738 655928.437822 -0.0738313959463 -0.997041590972 0.021377344205 2974561.96216 0.00983362328782 0.0207069563149 0.999737226382 58.1388435364 0.0 0.0 0.0 1.0 0.0 23.0996296879
1688022276.350277901 -0.997178499015 0.0748220103978 0.00605870130223 655926.304576 -0.0746670318031 -0.996950352631 0.0226898380448 2974561.78458 0.00773792369786 0.0221734334016 0.999724193659 58.1533508301 0.0 0.0 0.0 1.0 0.0 22.9365256891
1688022276.450252056 -0.997095499884 0.0760297285837 0.00447710657103 655924.010078 -0.0759004530828 -0.996822701529 0.0241582892041 2974561.58743 0.00629962963841 0.0237483070331 0.999698120724 58.1641654968 0.0 0.0 0.0 1.0 0.0 23.1253248485
1688022276.550237894 -0.997008352619 0.0771963972617 0.00388085789857 655921.697957 -0.0770737986308 -0.9967018263 0.0253987994789 2974561.38708 0.00582875396966 0.0250237027667 0.999669865469 58.1682624817 0.0 0.0 0.0 1.0 0.0 23.2950918051
1688022276.650238037 -0.996942500684 0.0780776391195 0.00308749076362 655919.369536 -0.077975955218 -0.996638236818 0.0251391193207 2974561.18335 0.00503991443695 0.024821506439 0.999679194582 58.1719741821 0.0 0.0 0.0 1.0 0.0 23.4472071178
1688022276.750255108 -0.996915603542 0.078472553224 0.00115663508321 655917.027905 -0.078424401899 -0.996647480992 0.0233111951241 2974560.97683 0.00298204644219 0.0231485857418 0.999727588084 58.1770019531 0.0 0.0 0.0 1.0 0.0 23.5633772694
1688022276.850265026 -0.996933962467 0.0782475045197 5.0153724148e-05 655914.675876 -0.0782283042706 -0.996703131244 0.0215220951397 2974560.76814 0.00173403861062 0.0214521841475 0.999768371627 58.1805992126 0.0 0.0 0.0 1.0 0.0 23.662742903
1688022276.950265884 -0.997011920336 0.0772476817654 -0.000162388861516 655912.314725 -0.0772359652408 -0.996819415704 0.0196381809057 2974560.55798 0.001355131579 0.0195920427171 0.999807139143 58.1820335388 0.0 0.0 0.0 1.0 0.0 23.7474438652
1688022277.050268888 -0.997088728042 0.0762359796778 -0.00146417697681 655909.945733 -0.0762499921988 -0.996883052771 0.0202513650621 2974560.34786 8.42694408777e-05 0.0203040513139 0.99979384795 58.184589386 0.0 0.0 0.0 1.0 0.0 23.8172003893
1688022277.150264978 -0.997164429029 0.075222215032 -0.00217252052217 655907.570494 -0.0752510216181 -0.996953007166 0.020542279545 2974560.13894 -0.000620665098528 0.0206475148422 0.999786624688 58.1859436035 0.0 0.0 0.0 1.0 0.0 23.8804152788
1688022277.250267982 -0.997259771972 0.0739777709318 0.000486430998085 655905.188981 -0.0739517963867 -0.997046026811 0.0207449326876 2974559.93093 0.00201965797232 0.0206521143955 0.999784682396 58.1875114441 0.0 0.0 0.0 1.0 0.0 23.9465039652
1688022277.350276947 -0.997338028363 0.0728263686868 0.00363004204501 655902.801266 -0.0727306927193 -0.997113659501 0.0217852329017 2974559.72389 0.00520610391087 0.0214632257571 0.999756083463 58.1911239624 0.0 0.0 0.0 1.0 0.0 24.0020064986
1688022277.450294018 -0.997442748247 0.0714164124595 0.00276767054046 655900.407006 -0.0713377391903 -0.997204828636 0.0222138855886 2974559.51753 0.00434637044254 0.0219596397316 0.999749410246 58.204120636 0.0 0.0 0.0 1.0 0.0 24.0626745464
1688022277.550314903 -0.997537619445 0.0701307641747 0.000611316938208 655898.006385 -0.0701030181485 -0.997323860411 0.020752934787 2974559.31235 0.00206510014423 0.0206589780015 0.999784447763 58.2165527344 0.0 0.0 0.0 1.0 0.0 24.1267472356
1688022277.650316000 -0.997636706234 0.0687089886992 -0.000277931119108 655895.599293 -0.0687000830507 -0.997423928817 0.0206350384642 2974559.10746 0.00114059747588 0.0206053656974 0.999787036294 58.2258262634 0.0 0.0 0.0 1.0 0.0 24.1847627682
1688022277.750327110 -0.997718811475 0.067506656663 -0.000156637671626 655893.186804 -0.0674940935045 -0.997482677367 0.021745245339 2974558.90394 0.00131170544709 0.0217062124526 0.999763531926 58.2306060791 0.0 0.0 0.0 1.0 0.0 24.2285978659
1688022277.850338936 -0.997756255783 0.0669343243656 -0.00150008935494 655890.770981 -0.066951072923 -0.997475193257 0.0236810614348 2974558.7016 8.87739281734e-05 0.023728359782 0.999718438892 58.2356452942 0.0 0.0 0.0 1.0 0.0 24.2636048862
1688022277.950340986 -0.997731468017 0.0672657633946 -0.00268975916534 655888.349058 -0.0673109479157 -0.997445400825 0.0239146119415 2974558.50018 -0.00107425328026 0.0240414111185 0.999710386328 58.23985672 0.0 0.0 0.0 1.0 0.0 24.3518769486
1688022278.050344944 -0.997693867969 0.0678698709456 -0.000791476211851 655885.916854 -0.0678704462521 -0.997439442736 0.0225424177856 2974558.29717 0.000740501394223 0.0225441498376 0.999745574117 58.2407455444 0.0 0.0 0.0 1.0 0.0 24.4672659181
1688022278.150325060 -0.99764149231 0.0685866164803 0.00270718693799 655883.472353 -0.0685077939127 -0.997391805354 0.0227215489214 2974558.09221 0.00425852022922 0.0224824965687 0.999738166898 58.2390365601 0.0 0.0 0.0 1.0 0.0 24.6003746257
1688022278.250318050 -0.997609184747 0.0690073883236 0.00372758159078 655881.014246 -0.0689115969572 -0.997389546207 0.0215704641027 2974557.88483 0.00520637230394 0.0212620195079 0.999760381398 58.234085083 0.0 0.0 0.0 1.0 0.0 24.7417911102
1688022278.350317955 -0.997531393015 0.0701830206878 0.00233742512548 655878.541982 -0.0701183549002 -0.997315309168 0.0211090124366 2974557.67557 0.00381264411821 0.0208930061765 0.999774447582 58.2268486023 0.0 0.0 0.0 1.0 0.0 24.8824398399
1688022278.450321913 -0.997410587712 0.0718973473729 0.00170028250843 655876.055433 -0.071846716422 -0.997199396045 0.0207705047153 2974557.46433 0.00318886488314 0.0205945616 0.999782824004 58.2193450928 0.0 0.0 0.0 1.0 0.0 25.0328071933
1688022278.550335884 -0.99728333266 0.0736330777105 0.00203082897364 655873.554042 -0.073575332111 -0.997073664714 0.0207551834099 2974557.24971 0.00355315412007 0.0205493795648 0.9997825254 58.2201347351 0.0 0.0 0.0 1.0 0.0 25.1857050916
1688022278.650353909 -0.997161890131 0.0752623028482 0.001936657007 655871.036504 -0.0752068365288 -0.996956013491 0.0205581833642 2974557.03161 0.00347801807156 0.0203541871341 0.999786782497 58.2207870483 0.0 0.0 0.0 1.0 0.0 25.3570084044
1688022278.750343084 -0.997041931049 0.0768394849452 0.00175535868257 655868.502343 -0.0767863314541 -0.996829062125 0.0208729539132 2974556.81003 0.00335365957721 0.0206764227227 0.999780595186 58.2207946777 0.0 0.0 0.0 1.0 0.0 25.5299552436
1688022278.850311995 -0.996948886807 0.0780108315001 0.00268835706888 655865.950791 -0.0779401047362 -0.996748833213 0.0204231134226 2974556.5849 0.00427284083158 0.0201512693602 0.999787812075 58.2195777893 0.0 0.0 0.0 1.0 0.0 25.708790503
1688022278.950290918 -0.996889145651 0.0785806980281 0.00609140221189 655863.380741 -0.0784491051401 -0.99672818272 0.0194593852325 2974556.35671 0.00760060433165 0.0189209848668 0.99979209196 58.2158126831 0.0 0.0 0.0 1.0 0.0 25.9023965788
1688022279.050285101 -0.99687086132 0.0784821782542 0.00943575895452 655860.791298 -0.0782864850017 -0.996738697663 0.0195753632805 2974556.12582 0.0109413032422 0.0187754168522 0.999763857921 58.2132987976 0.0 0.0 0.0 1.0 0.0 26.1031539128
1688022279.150295973 -0.996913773184 0.0779944199486 0.0089330450156 655858.181175 -0.0778125321057 -0.996783809575 0.0191636848563 2974555.89397 0.0103989751262 0.0184094385261 0.999776451958 58.2184143066 0.0 0.0 0.0 1.0 0.0 26.3103676541
1688022279.250323057 -0.997003114714 0.0770746926799 0.00665439691677 655855.550236 -0.0769370941216 -0.996856468114 0.0189173340675 2974555.66057 0.00809152631746 0.0183486710255 0.999798906517 58.2337303162 0.0 0.0 0.0 1.0 0.0 26.5122507955
1688022279.350347996 -0.997085404117 0.0760860756999 0.00562191980889 655852.899811 -0.0759671114533 -0.99692949316 0.0189890401558 2974555.42618 0.00704945921242 0.0185066137688 0.999803885955 58.250289917 0.0 0.0 0.0 1.0 0.0 26.7056541696
1688022279.450356007 -0.997146511152 0.0751958391855 0.00666491302238 655850.230674 -0.075052660419 -0.996986596371 0.0196169523695 2974555.19117 0.00811994214498 0.0190607561609 0.999785354021 58.2613372803 0.0 0.0 0.0 1.0 0.0 26.892268898
1688022279.550358057 -0.997227094259 0.0740512246801 0.00738502530797 655847.542602 -0.0738903244019 -0.997063970168 0.0200912755287 2974554.95557 0.00885112621165 0.0194898823998 0.999770874775 58.2652244568 0.0 0.0 0.0 1.0 0.0 27.0842956432
1688022279.650355101 -0.997378123213 0.0721150340538 0.00602504772227 655844.834637 -0.0719765612712 -0.997191683928 0.0206910640919 2974554.71941 0.00750026427551 0.0202031524547 0.999767762366 58.2720870972 0.0 0.0 0.0 1.0 0.0 27.2827190935
1688022279.750322104 -0.997532722646 0.0700404878852 0.00477465263818 655842.106128 -0.069920793599 -0.997314265799 0.0218022442747 2974554.48322 0.00628886901629 0.0214146045895 0.999750901393 58.2790527344 0.0 0.0 0.0 1.0 0.0 27.4953277098
1688022279.850296021 -0.997651123758 0.0682450475946 0.0059032824209 655839.356251 -0.0681084134003 -0.997459495905 0.0208757766933 2974554.24778 0.00731295348175 0.0204246788778 0.999764648907 58.282875061 0.0 0.0 0.0 1.0 0.0 27.7129144127
1688022279.950257063 -0.997708837479 0.0672799646662 0.00710506655319 655836.585888 -0.0671000995591 -0.997479207569 0.0230826148359 2974554.01273 0.00864015366576 0.0225529781408 0.99970831292 58.2838401794 0.0 0.0 0.0 1.0 0.0 27.9035784311
1688022280.050280094 -0.997767369074 0.0665878866213 0.005131331859 655833.795465 -0.0664462018748 -0.997499535589 0.0240744419639 2974553.7774 0.00672156735827 0.0236797351076 0.999696999434 58.2907066345 0.0 0.0 0.0 1.0 0.0 28.1003233817
1688022280.150340080 -0.9977873225 0.0664764489082 0.00115792887641 655830.985787 -0.0664236361034 -0.997449586032 0.0261194159745 2974553.54079 0.00289130169997 0.0259847082842 0.999658159227 58.3004302979 0.0 0.0 0.0 1.0 0.0 28.2849252176
1688022280.250411034 -0.997768868184 0.0667626369482 0.000189709961412 655828.158866 -0.0667399667151 -0.99749649088 0.0233779281423 2974553.3029 0.00175000714996 0.0233131076665 0.999726680891 58.3085174561 0.0 0.0 0.0 1.0 0.0 28.4450781411
1688022280.350487947 -0.99774270464 0.0671420747218 0.00119880753254 655825.320079 -0.0670944917119 -0.997461484628 0.0238519572536 2974553.06249 0.00279723423738 0.0237176829591 0.999714782823 58.3138198853 0.0 0.0 0.0 1.0 0.0 28.5334488838
1688022280.450527906 -0.997734597877 0.0672654886667 0.0010130321484 655822.476793 -0.0672248945967 -0.997476425966 0.0228384147743 2974552.82075 0.00254671281694 0.0227185756016 0.999738656138 58.3191490173 0.0 0.0 0.0 1.0 0.0 28.5479538703
1688022280.550507069 -0.997723870437 0.0673938076467 -0.00227003314033 655819.63135 -0.0674263311655 -0.99751169513 0.0205938812316 2974552.57845 -0.000876484535397 0.020700066896 0.999785346465 58.3250999451 0.0 0.0 0.0 1.0 0.0 28.5679299429
1688022280.650454998 -0.997703655482 0.0676061429644 -0.00410186182014 655816.784307 -0.0676737239328 -0.997516478475 0.0195228650309 2974552.33551 -0.00277180915366 0.0197556220713 0.999800996434 58.331073761 0.0 0.0 0.0 1.0 0.0 28.5798517779
1688022280.750391960 -0.997673402884 0.0680783716672 -0.00362166943702 655813.936475 -0.0681362213874 -0.997486389097 0.0194514498307 2974552.09213 -0.0022883429382 0.0196529610142 0.999804243145 58.331867218 0.0 0.0 0.0 1.0 0.0 28.597596047
1688022280.850349903 -0.997603494107 0.0691544886998 -0.00221928768549 655811.084121 -0.0691853215413 -0.997398034241 0.02026209703 2974551.84819 -0.00081229821483 0.0203670809272 0.999792239511 58.3309860229 0.0 0.0 0.0 1.0 0.0 28.6767046057
1688022280.950333118 -0.997510228904 0.0704831580864 -0.00233830226255 655808.221809 -0.0705167255548 -0.997291101304 0.020924881789 2974551.6028 -0.000857116287527 0.021037673042 0.99977831626 58.3320732117 0.0 0.0 0.0 1.0 0.0 28.7858587838
1688022281.050343990 -0.997403892401 0.071923680753 -0.00352981167171 655805.347645 -0.0719824845727 -0.997181821583 0.021140875546 2974551.35493 -0.00199933444903 0.0213400761725 0.999770275519 58.3345680237 0.0 0.0 0.0 1.0 0.0 28.9143764089
1688022281.150381088 -0.997305556767 0.0733253666411 -0.00223987683057 655802.460778 -0.073355118038 -0.997116444802 0.0194376480883 2974551.10438 -0.000808145349369 0.0195495808783 0.99980856207 58.334236145 0.0 0.0 0.0 1.0 0.0 29.0500273766
1688022281.250426054 -0.997221302372 0.0744545628577 0.00248840617143 655799.560484 -0.0743917037982 -0.997035720766 0.0196378695853 2974550.85082 0.00394315883612 0.0193981851088 0.999804061761 58.323600769 0.0 0.0 0.0 1.0 0.0 29.1928864463
1688022281.350461960 -0.997141766443 0.0752040197715 0.00725624038915 655870.901732 -0.075043218113 -0.996972714662 0.0203450641579 2974557.93766 0.00876430428619 0.0197423815826 0.999766685452 58.3109054565 0.0 0.0 0.0 1.0 0.0 6.58479404988
1688022281.450472116 -0.99711210719 0.0755041159604 0.00815929944207 655870.279064 -0.0753309921351 -0.99696253068 0.019772557831 2974557.90088 0.00962742531965 0.0191008086813 0.999771209722 58.3084831238 0.0 0.0 0.0 1.0 0.0 6.61076542054
1688022281.550443888 -0.997157429434 0.075099145535 0.00609748015989 655869.41536 -0.0749724319713 -0.997007048522 0.0188700726348 2974557.84007 0.0074963570287 0.0183592902053 0.999803351212 58.3191070557 0.0 0.0 0.0 1.0 0.0 7.04777731675
1688022281.650373936 -0.997140887312 0.0754594497595 0.00399027471499 655868.445587 -0.0753577931606 -0.996927562398 0.0213690978104 2974557.76973 0.00559051520755 0.0210073028551 0.999763691762 58.3297195435 0.0 0.0 0.0 1.0 0.0360412596097 7.81493718914
1688022281.750282049 -0.996892768871 0.0786749953495 0.00387975245264 655867.393876 -0.0785543778191 -0.996596632767 0.0249872223756 2974557.69289 0.00583241783447 0.0246048097604 0.999680241997 58.3344726562 0.0 0.0 0.0 1.0 -0.0205150828279 8.62515058017
1688022281.850224018 -0.996344511948 0.0853168337187 0.00431872607086 655866.306918 -0.0851571654087 -0.995946301428 0.0289693260578 2974557.61084 0.00677279043137 0.0284956585622 0.999570971344 58.3357658386 0.0 0.0 0.0 1.0 -0.0301912060768 9.2893569835
1688022281.950222969 -0.995407297151 0.0956834655496 0.00299786565897 655865.215195 -0.0955455294143 -0.994942912307 0.0309782675285 2974557.52198 0.00594681318329 0.0305495608894 0.999515562531 58.3385276794 0.0 0.0 0.0 1.0 -0.0249615854853 9.77361551731
1688022282.050282955 -0.994011071792 0.109275527817 0.000920963797963 655864.130658 -0.109187328673 -0.993484129681 0.0326712615344 2974557.42281 0.00448513226593 0.0323750381178 0.999465727524 58.3422431946 0.0 0.0 0.0 1.0 0.0148539195741 10.1282367413
1688022282.150374889 -0.992229184865 0.124414686983 -0.00149344064623 655863.056662 -0.124393074052 -0.991647813279 0.0340731205837 2974557.30995 0.00275822948086 0.0339941183355 0.999418226814 58.3453140259 0.0 0.0 0.0 1.0 -0.0283410984306 10.357285285
1688022282.250466108 -0.990078625802 0.140514412919 0.000120383998621 655861.994325 -0.140448755852 -0.989641470825 0.0297305600862 2974557.18153 0.00429670919374 0.0294186842917 0.999557941945 58.3449058533 0.0 0.0 0.0 1.0 -0.0506307048218 10.530607625
1688022282.350528955 -0.987996607328 0.154438607651 0.00337940468088 655860.941349 -0.154294094221 -0.987659827288 0.0268588542309 2974557.03663 0.00748574629395 0.0260150346726 0.999633523634 58.3430786133 0.0 0.0 0.0 1.0 -0.0757325347395 10.6436509207
1688022282.450542927 -0.986326388055 0.164709137573 0.00558177620952 655859.897306 -0.164529270752 -0.986072813241 0.0243007418119 2974556.87984 0.00950659199603 0.0230500973292 0.999689110535 58.3433380127 0.0 0.0 0.0 1.0 -0.0911876813569 10.7123363201
1688022282.550502062 -0.985424541271 0.170074144628 0.00364126208512 655858.863126 -0.169961020232 -0.985222849935 0.0211940455617 2974556.71225 0.00719201377897 0.0202662600064 0.999768750083 58.3494110107 0.0 0.0 0.0 1.0 0.00516646840011 10.740421155
1688022282.650423050 -0.985418048325 0.170137576579 -0.00211543649047 655857.839136 -0.170145709186 -0.985217340494 0.0199306205353 2974556.53963 0.00130678276448 0.0199999256317 0.999799127472 58.3606452942 0.0 0.0 0.0 1.0 0.0659034144552 10.7240269181
1688022282.750349045 -0.9858247882 0.167760105991 -0.00245638096188 655856.825068 -0.167778088459 -0.985718981982 0.0144430465211 2974556.36805 1.66567410379e-06 0.0146504401799 0.999892676541 58.3646697998 0.0 0.0 0.0 1.0 0.0116413881523 10.6757813741
1688022282.850305080 -0.987013182446 0.160632952945 0.00142551947533 655855.821682 -0.160605087164 -0.986947328968 0.0118733238398 2974556.19957 0.00331415970823 0.0114901814698 0.999928493481 58.3596954346 0.0 0.0 0.0 1.0 -0.101507825368 10.5513379944
1688022282.950268984 -0.988693719069 0.149840020212 0.00571823549419 655854.828789 -0.149758888065 -0.988641498296 0.0126595139277 2974556.04083 0.00755018672938 0.0116600253175 0.99990351459 58.3518409729 0.0 0.0 0.0 1.0 -0.089732972977 10.4375986132
1688022283.050246000 -0.990423503788 0.13792441078 0.00617576356076 655853.844959 -0.137847936716 -0.990387182421 0.0114531759925 2974555.8939 0.00769606962256 0.0104921784315 0.999915338768 58.3549804688 0.0 0.0 0.0 1.0 -0.00739964360932 10.3243502885
1688022283.150202036 -0.991817679389 0.127625893593 0.00305321719318 655852.871666 -0.127585533485 -0.991766765269 0.0109824839136 2974555.76247 0.00442972866269 0.0105030753646 0.999935029345 58.3674354553 0.0 0.0 0.0 1.0 0.088529226712 10.1789495205
1688022283.250169039 -0.992959729938 0.118449340402 -0.000853510147747 655851.911856 -0.118451384183 -0.992895241326 0.011327371121 2974555.64132 0.000494273473643 0.0113487228276 0.99993547901 58.3884735107 0.0 0.0 0.0 1.0 0.134583435033 10.0097563
1688022283.350207090 -0.993851530228 0.110678691418 -0.00305992308686 655850.971327 -0.110708215867 -0.993777035119 0.0122839492702 2974555.5221 -0.00168130986227 0.0125471804051 0.99991986752 58.4096679688 0.0 0.0 0.0 1.0 0.0886938071447 9.82835409519
1688022283.450289965 -0.994530015455 0.104406471192 -0.00305567214836 655850.045809 -0.104436991064 -0.994451468794 0.0126170960139 2974555.40529 -0.00172141118458 0.0128672058986 0.999915732327 58.4228477478 0.0 0.0 0.0 1.0 0.0093031974994 9.67311031996
1688022283.550363064 -0.995039352404 0.0994700195136 -0.0015499632382 655849.12642 -0.0994813495463 -0.99497142529 0.0116328822022 2974555.29516 -0.000385046112607 0.0117293680078 0.999931134462 58.4208374023 0.0 0.0 0.0 1.0 -0.0145718842358 9.56026307695
1688022283.650412083 -0.995490396918 0.0947779217555 -0.00400189841992 655848.207269 -0.0948193973366 -0.995423282796 0.0119067189649 2974555.19292 -0.00285508878416 0.0122324819847 0.999921104314 58.4221458435 0.0 0.0 0.0 1.0 0.0421958434204 9.48767340399
1688022283.750433922 -0.995846456235 0.0907878059227 -0.00688548477035 655847.287937 -0.0908657525581 -0.995790754277 0.0120078602864 2974555.0982 -0.0057663347838 0.0125836398685 0.999904196106 58.4247589111 0.0 0.0 0.0 1.0 0.075350578876 9.43579111447
1688022283.850420952 -0.99616890575 0.087204469211 -0.00654918066077 655846.367726 -0.0872689113559 -0.996131546437 0.0102994807292 2974555.00829 -0.00562568470938 0.0108315623143 0.99992551169 58.4238891602 0.0 0.0 0.0 1.0 0.0179681490262 9.41114846064
1688022283.950391054 -0.996426526151 0.0844569550259 -0.00109577828039 655845.446514 -0.0844640190143 -0.996355426983 0.0119034706754 2974554.92279 -8.64537489511e-05 0.0119534877718 0.999928550775 58.4114341736 0.0 0.0 0.0 1.0 -0.139648825342 9.38181605995
1688022284.050355911 -0.996567165607 0.0826476502269 0.0048218611967 655844.523899 -0.0825742286691 -0.996488906353 0.0138331585223 2974554.84173 0.00594820923758 0.0133875101109 0.999892690932 58.3997192383 0.0 0.0 0.0 1.0 -0.101319519184 9.36917418646
1688022284.150320053 -0.996647742892 0.0815905272691 0.00602183092235 655843.5999 -0.0815015017056 -0.996577852392 0.0137872891545 2974554.76295 0.00712613551979 0.0132502823533 0.9998868177 58.4002723694 0.0 0.0 0.0 1.0 -0.0148697869331 9.3665252099
1688022284.250313997 -0.996702888391 0.0810293498175 0.00419484691656 655842.675169 -0.0809644374248 -0.996620903041 0.0138396348697 2974554.68691 0.0053020887373 0.0134543706282 0.999895428415 58.4078407288 0.0 0.0 0.0 1.0 0.0497576927228 9.37248548824
1688022284.350333929 -0.996727025992 0.080825363047 0.00157998247734 655841.748535 -0.0807953680103 -0.996631722965 0.0140469671863 2974554.61589 0.0027100118812 0.0138733365622 0.999900088193 58.415184021 0.0 0.0 0.0 1.0 0.0356558843428 9.38095623999
1688022284.450357914 -0.996714715787 0.0809831838354 0.00122444698671 655840.82025 -0.0809584612967 -0.996620574896 0.0138981019698 2974554.54869 0.00234582160661 0.0137533134109 0.999902667009 58.4171180725 0.0 0.0 0.0 1.0 -0.00890280352241 9.38587748469
1688022284.550354958 -0.996701271151 0.081124940757 0.00230652848549 655839.891089 -0.081084146496 -0.996605333536 0.0142537838585 2974554.48138 0.00345503596168 0.0140197415968 0.999895749352 58.416015625 0.0 0.0 0.0 1.0 -0.0499334892983 9.39815972762
1688022284.650315046 -0.996681129161 0.0813385087831 0.00328234103621 655838.961286 -0.0812831999387 -0.996586352539 0.0144458762323 2974554.41262 0.00444614231187 0.0141311330522 0.999890265428 58.4135398865 0.0 0.0 0.0 1.0 -0.0597894844143 9.41551902384
1688022284.750271082 -0.996664062026 0.0815128230831 0.00405057267887 655838.030237 -0.0814432726453 -0.996563688127 0.0150933378633 2974554.34213 0.00526695422686 0.0147130955293 0.99987788455 58.4128265381 0.0 0.0 0.0 1.0 -0.0436219147949 9.43585291031
1688022284.850239038 -0.996636127965 0.0818333942585 0.00444117311269 655837.097471 -0.0817567464103 -0.996534454258 0.0153269661898 2974554.27072 0.00568003969112 0.0149123123729 0.999872671938 58.4142150879 0.0 0.0 0.0 1.0 -0.0329754638668 9.45582280241
1688022284.950227976 -0.996617360882 0.0820506107114 0.00464039540843 655836.163087 -0.0819726536306 -0.996521082802 0.0150404650225 2974554.19774 0.00585833119751 0.0146092030317 0.999876117898 58.4160766602 0.0 0.0 0.0 1.0 -0.0286466482886 9.4728617742
1688022285.050245047 -0.996592085483 0.0823599548754 0.00458835321353 655835.22699 -0.0822844309346 -0.996499775202 0.0147468792987 2974554.12368 0.00578684525942 0.0143190731616 0.99988073117 58.4189910889 0.0 0.0 0.0 1.0 -0.0180135958856 9.49061845408
1688022285.150262117 -0.996570475711 0.0826080690546 0.00481600136211 655834.289092 -0.0825259390021 -0.996471503696 0.0152974413827 2974554.0485 0.00606270021321 0.0148475334012 0.999871388939 58.421257019 0.0 0.0 0.0 1.0 -0.0345035310651 9.50715831348
1688022285.250282049 -0.996536028243 0.0830115163307 0.00500325587256 655833.347614 -0.0829278635646 -0.996441298001 0.0150900325842 2974553.97268 0.00623809726218 0.0146228518172 0.999873621188 58.4212875366 0.0 0.0 0.0 1.0 -0.049676917061 9.52863441959
1688022285.350281954 -0.996489035501 0.0835547908776 0.00531027762825 655832.396759 -0.0834672614557 -0.996397780631 0.0149892968314 2974553.89584 0.00654357640547 0.0144934356111 0.999873552972 58.4201583862 0.0 0.0 0.0 1.0 -0.0475975184422 9.56508095566
1688022285.450244904 -0.996409895274 0.0845238221036 0.00480042670307 655831.437587 -0.0844405965016 -0.996308197407 0.0154842320396 2974553.81833 0.00609149094965 0.0150232911308 0.999868588596 58.4203681946 0.0 0.0 0.0 1.0 -0.0274052051298 9.61419984256
1688022285.550225973 -0.996308958786 0.0857338516032 0.00426208061629 655830.476173 -0.0856582982757 -0.996203403907 0.0155381459642 2974553.73964 0.00557804431796 0.0151157114544 0.999870191919 58.422164917 0.0 0.0 0.0 1.0 -0.0448800807894 9.6542190024
1688022285.650252104 -0.996200631384 0.086964416859 0.00463597146677 655829.51559 -0.0868837408649 -0.996098970973 0.015429050517 2974553.65936 0.0059596647884 0.0149676393231 0.999870217663 58.4235153198 0.0 0.0 0.0 1.0 -0.0447813554275 9.68706042376
1688022285.750291109 -0.99609732553 0.088049842531 0.00611091663348 655828.555307 -0.0879478282874 -0.996007128926 0.0153290126565 2974553.57732 0.00743623368178 0.0147317466634 0.999863829763 58.4230499268 0.0 0.0 0.0 1.0 -0.0716740342132 9.71064636285
1688022285.850322008 -0.995979484325 0.089279689117 0.0073487356608 655827.594802 -0.0891611540043 -0.995902324613 0.0151277376813 2974553.49451 0.00866922264479 0.0144116946228 0.999858563816 58.4228096008 0.0 0.0 0.0 1.0 -0.0692853547049 9.72975403897
1688022285.950335026 -0.995897794101 0.0902191773934 0.00693424362129 655826.633718 -0.0901007636961 -0.995806929526 0.0158243953833 2974553.41031 0.00833283178333 0.0151346998093 0.999850741249 58.4259490967 0.0 0.0 0.0 1.0 -0.0383539071115 9.74109735907
1688022286.050343037 -0.99580110551 0.0913657482935 0.0056972188846 655825.67206 -0.0912587837566 -0.995684932647 0.0168329821003 2974553.32551 0.007210593007 0.0162423809184 0.999842083737 58.4307365417 0.0 0.0 0.0 1.0 -0.0225483697697 9.74844496577
1688022286.150346041 -0.995704329158 0.0924815232328 0.0044784770623 655824.709762 -0.0923971836022 -0.995588000705 0.0163491074817 2974553.23947 0.00597070838806 0.01586507843 0.999856314641 58.4355926514 0.0 0.0 0.0 1.0 -0.0328508521256 9.75410962637
1688022286.250330925 -0.995577972409 0.0938611265444 0.00381965684558 655823.745424 -0.0937854602402 -0.995453125174 0.0166542195232 2974553.15258 0.00536547315019 0.0162223458297 0.999854012941 58.4452705383 0.0 0.0 0.0 1.0 -0.00331376696638 9.76478844286
1688022286.350343943 -0.995473979877 0.094949603375 0.00401599382813 655822.774869 -0.0948650139081 -0.995333661086 0.0176502760533 2974553.06526 0.00567314055058 0.0171894132384 0.999836156352 58.4586448669 0.0 0.0 0.0 1.0 -0.0256261072579 9.78444466939
1688022286.450373888 -0.995381982539 0.0959255322736 0.00360570296281 655821.798571 -0.095846799521 -0.995236011592 0.0178513935353 2974552.97733 0.00530092986239 0.0174233603993 0.999834149574 58.4720687866 0.0 0.0 0.0 1.0 -0.0132085359882 9.81418231121
1688022286.550405979 -0.995332999298 0.0964511692619 0.00306471144806 655820.820516 -0.0963862693562 -0.995200428185 0.0169054671878 2974552.88781 0.00468055422256 0.0165311732575 0.999852395468 58.4754600525 0.0 0.0 0.0 1.0 -0.00187957250883 9.83926352167
1688022286.650427103 -0.995314751414 0.0966771001461 0.00144358037791 655819.842724 -0.0966376883357 -0.995168218292 0.0173601409914 2974552.79736 0.00311493340182 0.0171393001447 0.999848259278 58.480556488 0.0 0.0 0.0 1.0 0.00140820416944 9.85646634119
